Field	RAJ2000	DEJ2000	ID	Period	V-I	F160W	e_F160W	Offset	Bias	IMrms	[O/H]	Flag	OCat
 	deg	deg	 	d	mag	mag	mag	pix	mag	 	[-]	 	
-----	--------	---------	-------	-------	-----	-----	-----	-----	-----	------	-----	---------	---
n4536	188.5900	+02.16830	  27185	 13.000	 0.97	24.91	 0.31	 1.64	 0.13	  2.16	 8.54	         	  0
n4536	188.6040	+02.18312	  42353	 13.070	 0.73	26.29	 0.74	 3.32	 0.37	  4.30	 8.97	rej      	  0
n4536	188.5840	+02.18070	  50718	 13.730	 0.88	24.51	 0.42	 0.88	 0.28	 11.40	 8.64	         	  0
n4536	188.5830	+02.19700	  72331	 13.910	 0.89	24.84	 0.44	 0.07	 0.22	  1.40	 8.81	         	  0
n4536	188.5900	+02.19545	  65694	 14.380	 0.98	25.26	 0.38	 2.91	 0.39	 30.80	 8.90	         	  0
n4536	188.5870	+02.18864	  58805	 14.440	 1.13	23.41	 0.35	 3.94	 0.26	 47.90	 8.78	rej      	  0
n4536	188.5860	+02.18406	  53703	 14.530	 0.72	25.38	 0.47	 0.63	 0.27	 14.90	 8.72	         	  0
n4536	188.5920	+02.20025	  70938	 14.620	 0.64	25.81	 0.58	 2.39	 0.30	 17.40	 8.94	rej      	  0
n4536	188.5940	+02.17693	  40098	 14.640	 0.95	25.12	 0.52	 4.40	 0.63	 12.90	 8.72	         	  0
n4536	188.5970	+02.18489	  48539	 15.030	 0.90	23.53	 0.31	 0.46	 0.29	  7.28	 8.89	rej      	  0
n4536	188.5900	+02.19521	  65695	 15.160	 1.03	24.49	 0.41	 1.45	 0.26	 19.30	 8.89	         	  0
n4536	188.5840	+02.19350	  66974	 15.650	 1.13	23.43	 0.44	 0.85	 0.56	 71.90	 8.79	rej      	  0
n4536	188.5880	+02.19589	  67328	 16.240	 0.82	23.98	 0.32	 0.76	 0.24	 30.20	 8.87	         	  0
n4536	188.5930	+02.20097	  71258	 17.020	 0.82	24.01	 0.27	 0.70	 0.22	 23.50	 8.95	         	  0
n4536	188.6030	+02.20339	  68306	 17.160	 0.63	24.72	 0.19	 1.03	 0.05	  8.53	 8.97	         	  0
n4536	188.5900	+02.17853	  45164	 17.310	 0.93	24.72	 0.56	 1.80	 0.43	  7.22	 8.69	         	  0
n4536	188.5900	+02.18273	  50050	 17.560	 1.06	23.58	 0.26	 0.69	 0.29	  7.02	 8.75	rej      	  0
n4536	188.5920	+02.19544	  64661	 17.650	 0.94	24.29	 0.30	 4.48	 0.19	 15.00	 8.92	         	  0
n4536	188.5850	+02.17323	  40923	 18.160	 1.06	23.95	 0.24	 0.38	 0.01	 18.90	 8.53	         	  0
n4536	188.5780	+02.19021	  66029	 18.390	 0.67	24.72	 0.24	 1.40	 0.13	  8.38	 8.67	         	  0
n4536	188.5730	+02.19417	  75137	 18.670	 0.90	24.45	 0.22	 0.40	 0.05	  8.95	 8.63	         	  0
n4536	188.5890	+02.17226	  35584	 18.890	 0.60	25.24	 0.36	 1.13	 0.16	  0.90	 8.58	rej      	  0
n4536	188.5850	+02.18952	  60991	 19.010	 0.49	24.60	 0.47	 4.48	 0.44	 45.40	 8.77	         	  0
n4536	188.5890	+02.20092	  74017	 19.310	 0.85	25.22	 0.50	 0.34	 0.37	 19.20	 8.91	rej      	  0
n4536	188.5890	+02.17081	  33174	 19.470	 0.67	24.58	 0.25	 0.95	 0.13	  9.05	 8.55	         	  0
n4536	188.5870	+02.17317	  38963	 19.600	 1.04	24.38	 0.26	 0.69	 0.11	  2.62	 8.57	         	  0
n4536	188.5900	+02.17361	  37037	 19.650	 0.85	24.37	 0.25	 2.89	 0.21	 16.20	 8.62	         	  0
n4536	188.5760	+02.18837	  65214	 19.690	 0.75	24.13	 0.23	 0.18	 0.11	 14.90	 8.61	         	  0
n4536	188.5980	+02.19878	  65080	 19.980	 0.76	24.76	 0.25	 0.70	 0.16	 20.30	 9.01	         	  0
n4536	188.5760	+02.19187	  69821	 20.410	 0.92	24.43	 0.21	 0.69	 0.06	 20.90	 8.65	         	  0
n4536	188.5900	+02.19151	  60845	 21.260	 0.75	23.93	 0.29	 0.83	 0.14	 13.60	 8.86	         	  0
n4536	188.5960	+02.17595	  36586	 21.290	 0.95	25.16	 0.61	 3.13	 0.48	  8.65	 8.74	rej      	  0
n4536	188.5970	+02.18182	  45000	 21.580	 0.90	24.39	 0.35	 1.71	 0.35	  5.02	 8.85	         	  0
n4536	188.5880	+02.18875	  58232	 21.940	 0.89	24.34	 0.25	 3.15	 0.24	 11.10	 8.80	         	  0
n4536	188.5920	+02.18304	  49022	 22.660	 0.95	24.97	 0.62	 3.44	 0.05	  3.38	 8.79	         	  0
n4536	188.5860	+02.18894	  60060	 22.680	 1.11	24.80	 0.47	 3.15	 0.36	 22.50	 8.77	         	  0
n4536	188.5930	+02.16838	  25262	 22.910	 1.30	25.05	 0.43	 1.45	 0.19	 23.10	 8.58	rej      	  0
n4536	188.5830	+02.18540	  57215	 23.210	 0.91	24.48	 0.34	 1.05	 0.12	 16.90	 8.68	         	  0
n4536	188.5850	+02.19171	  64002	 24.310	 1.20	23.77	 0.31	 4.71	 0.25	 52.00	 8.79	         	  0
n4536	188.5990	+02.20055	  67162	 24.430	 0.96	24.02	 0.18	 0.50	 0.07	 13.20	 9.00	         	  0
n4536	188.5870	+02.18386	  52964	 28.050	 1.17	23.18	 0.24	 0.94	 0.08	 50.90	 8.73	rej      	  0
n4536	188.5910	+02.18233	  49080	 28.740	 0.97	23.89	 0.32	 0.83	 0.15	  5.33	 8.76	         	  0
n4536	188.5870	+02.18716	  56988	 29.060	 0.47	23.74	 0.35	 1.96	 0.22	 29.30	 8.77	         	  0
n4536	188.5980	+02.17839	  39040	 29.980	 1.12	23.48	 0.36	 0.72	 0.28	 21.80	 8.81	         	  0
n4536	188.5930	+02.18398	  49524	 30.200	 1.11	24.32	 0.50	 6.19	 0.37	 19.90	 8.82	         	  0
n4536	188.5920	+02.16953	  28024	 30.220	 1.13	24.14	 0.26	 1.55	 0.10	 35.70	 8.58	         	  0
n4536	188.5930	+02.16817	  24880	 30.230	 1.05	24.65	 0.29	 1.57	 0.07	  8.61	 8.57	rej      	  0
n4536	188.5980	+02.18340	  46407	 31.320	 1.00	23.55	 0.21	 1.05	 0.12	  9.07	 8.89	         	  0
n4536	188.5910	+02.17663	  41282	 32.940	 0.97	23.21	 0.26	 0.50	 0.18	  3.49	 8.69	         	  0
n4536	188.5830	+02.19109	  64465	 35.160	 0.90	22.90	 0.24	 0.56	 0.16	  4.45	 8.75	rej      	  0
n4536	188.5870	+02.18693	  56960	 35.880	 1.09	23.56	 0.29	 0.17	 0.21	 29.60	 8.76	         	  0
n4536	188.5880	+02.18631	  55447	 37.270	 0.92	23.91	 0.32	 0.41	 0.23	 18.70	 8.77	         	  0
n4536	188.5780	+02.19303	  70171	 37.590	 0.95	23.49	 0.17	 0.31	 0.08	 23.00	 8.69	         	  0
n4536	188.6050	+02.19774	  59779	 39.620	 0.75	24.23	 0.16	 0.31	 0.05	  8.52	 9.05	rej      	  0
n4536	188.5900	+02.20194	  74682	 42.660	 1.04	23.10	 0.19	 0.07	 0.12	 11.20	 8.92	         	  0
n4536	188.5870	+02.17143	  35530	 42.930	 1.06	24.10	 0.19	 1.15	 0.06	  9.11	 8.54	rej      	  0
n4536	188.5870	+02.18828	  58154	 49.380	 0.78	22.97	 0.22	 0.20	 0.10	 38.50	 8.79	         	  0
n4536	188.5990	+02.19737	  62963	 50.040	 1.09	23.47	 0.14	 0.27	 0.02	  1.93	 9.02	         	  0
n4536	188.5830	+02.17335	  42055	 50.670	 1.02	23.31	 0.14	 0.86	 0.02	  4.32	 8.52	         	  0
n4536	188.5840	+02.19363	  66973	 52.410	 0.75	22.79	 0.21	 0.14	 0.19	  0.88	 8.79	         	  0
n4536	188.5820	+02.19568	  71233	 54.450	 1.00	22.52	 0.16	 0.50	 0.07	  9.93	 8.78	rej      	  0
n4536	188.5830	+02.17743	  47585	 54.530	 0.97	22.68	 0.12	 0.34	 0.03	 13.80	 8.57	rej      	  0
n4536	188.5990	+02.19942	  65517	 60.160	 1.13	22.93	 0.13	 0.44	 0.07	 20.70	 9.01	         	  0
n4536	188.5890	+02.20044	  73471	 64.740	 1.04	21.34	 0.16	 0.27	 0.06	 37.90	 8.90	rej      	  0
n4536	188.5880	+02.19976	  72937	 66.230	 0.94	23.10	 0.20	 0.61	 0.09	 21.90	 8.89	         	  1
n4536	188.6000	+02.18247	  44078	111.900	 0.90	22.61	 0.13	 0.56	 0.04	  9.95	 8.90	rej      	  0
n4536	188.5970	+02.18476	  48663	119.100	 1.14	22.21	 0.12	 0.44	 0.03	 21.80	 8.88	         	  0
n4536	188.5870	+02.18864	  58929	158.100	 1.09	21.79	 0.12	 0.02	 0.02	 22.60	 8.78	         	  0
n4536	188.5920	+02.18447	  51147	187.200	 1.25	21.87	 0.18	 0.99	 0.04	 30.40	 8.80	rej      	  0
n4639	190.7310	+13.26100	  33734	 21.690	 0.86	24.58	 0.30	 0.30	 0.15	  0.26	 8.88	           	  0
n4639	190.7260	+13.25700	  42674	 21.820	 0.86	25.51	 0.73	 2.38	 0.43	 23.00	 9.14		          0
n4639	190.7250	+13.25880	  45895	 21.890	 0.95	24.51	 0.43	 5.73	 0.42	  8.56	 9.13	         	  0
n4639	190.7050	+13.25070	 102787	 22.380	 1.00	25.18	 0.32	 2.48	 0.11	 17.70	 8.77	         	  0
n4639	190.7150	+13.24900	  70860	 24.250	 1.05	24.68	 0.59	 5.88	 0.44	 19.30	 8.97	         	  0
n4639	190.7210	+13.24730	  46993	 24.900	 1.10	24.71	 0.48	 1.09	 0.42	 19.50	 8.98	         	  1
n4639	190.7240	+13.25070	  41122	 25.800	 0.92	23.87	 0.35	 5.19	 0.69	 49.50	 9.10	rej      	  0
n4639	190.7240	+13.24920	  39959	 26.990	 0.90	25.52	 0.67	 1.16	 0.28	 15.90	 9.05	rej      	  2
n4639	190.7210	+13.26480	  64316	 27.140	 0.93	23.82	 0.60	 0.37	 0.41	  1.85	 9.03	rej      	  0
n4639	190.7260	+13.24810	  34553	 29.190	 0.72	25.18	 0.49	 1.58	 0.20	  4.07	 8.98	         	  0
n4639	190.7090	+13.26990	 107795	 30.020	 0.87	24.81	 0.28	 0.17	 0.19	 15.00	 8.87	         	  0
n4639	190.7190	+13.26800	  78588	 30.840	 0.78	24.37	 0.36	 0.66	 0.13	 15.30	 8.93	         	  0
n4639	190.7160	+13.27610	  97020	 30.900	 1.13	25.24	 0.14	 0.69	 0.01	  0.56	 8.63	rej      	  0
n4639	190.7330	+13.25650	  27312	 33.040	 0.82	24.21	 0.20	 0.75	 0.06	  9.54	 8.88	         	  2
n4639	190.7100	+13.24950	  89925	 33.440	 0.75	24.93	 0.26	 0.41	 0.14	  2.61	 8.87	         	  0
n4639	190.7240	+13.25470	  45055	 35.000	 0.87	23.75	 0.43	 2.88	 0.46	 53.50	 9.19	         	  0
n4639	190.7230	+13.25840	  50944	 35.160	 0.97	24.17	 0.61	 1.86	 0.43	 20.90	 9.20	         	  0
n4639	190.7260	+13.24300	  32876	 36.410	 1.04	23.83	 0.32	 2.73	-0.10	 16.40	 8.81	         	  0
n4639	190.7150	+13.25660	  81322	 38.150	 0.88	24.99	 0.81	 6.21	 0.49	 49.70	 9.25	rej      	  0
n4639	190.7110	+13.25230	  87883	 40.900	 0.88	23.52	 0.32	 1.02	 0.23	 10.60	 9.01	         	  0
n4639	190.7050	+13.26790	 114011	 41.180	 0.92	23.95	 0.23	 0.23	 0.08	 16.80	 8.86	         	  1
n4639	190.7170	+13.25350	  65236	 41.360	 0.78	25.04	 0.80	 4.98	 0.67	 62.60	 9.20	rej      	  0
n4639	190.7330	+13.25610	  26954	 43.750	 0.94	23.88	 0.20	 1.98	 0.09	 17.40	 8.88	         	  2
n4639	190.7150	+13.25240	  76749	 45.670	 1.06	24.23	 0.67	 3.35	 0.45	 26.60	 9.10	         	  0
n4639	190.7040	+13.26850	 115343	 48.340	 1.15	24.44	 0.24	 0.11	 0.15	 10.90	 8.84	         	  1
n4639	190.7180	+13.27400	  86917	 48.910	 1.03	23.98	 0.11	 0.18	 0.00	  7.92	 8.69	         	  1
n4639	190.7110	+13.25580	  91692	 49.610	 1.18	23.35	 0.39	 2.04	 0.33	 33.40	 9.11	         	  0
n4639	190.7200	+13.24660	  47978	 54.970	 0.85	24.14	 0.39	 4.23	 0.19	  1.56	 8.95	         	  2
n4639	190.7150	+13.25560	  80923	 58.320	 1.12	24.21	 0.40	 2.05	 0.42	 16.20	 9.21	         	  0
n4639	190.7280	+13.25640	  36973	 64.850	 1.42	23.64	 0.25	 0.23	 0.16	  9.71	 9.07	         	  0
n4639	190.7140	+13.26500	  91486	 86.690	 0.93	24.90	 0.71	 4.73	 0.50	  7.54	 9.09	rej      	  0
n4639	190.7140	+13.26310	  89399	105.300	 0.85	23.12	 0.35	 1.09	 0.36	 49.80	 9.15	         	  0
n3370	161.7590	+17.28010	   8807	 23.720	 1.05	25.78	 0.45	 3.95	 0.58	  7.55	 8.92	         	  2
n3370	161.7760	+17.25960	  47494	 24.430	 1.22	24.42	 0.45	 0.44	 0.16	 20.30	 8.77	rej      	  2
n3370	161.7610	+17.26050	  23575	 24.450	 0.94	25.74	 0.23	 0.34	 0.13	  5.02	 8.58	         	  1
n3370	161.7870	+17.26000	  53228	 24.730	 0.86	26.06	 0.24	 2.49	 0.07	  0.80	 8.43	rej      	  1
n3370	161.7680	+17.28080	  23818	 26.330	 1.04	25.20	 0.53	 1.01	 0.66	  7.35	 8.94	         	  4
n3370	161.7610	+17.26230	  22838	 26.380	 1.00	25.16	 0.31	 0.94	 0.07	  0.09	 8.66	         	  1
n3370	161.7700	+17.27850	  81239	 26.420	 0.67	24.69	 0.59	 1.69	 0.93	 60.90	 8.95	         	  1
n3370	161.7750	+17.27540	  39583	 26.870	 0.95	24.50	 0.61	 1.52	 0.75	  9.54	 8.84	         	  1
n3370	161.7820	+17.27270	  48470	 27.350	 1.07	25.61	 0.27	 0.38	 0.17	  7.90	 8.55	         	  1
n3370	161.7560	+17.28050	   5744	 27.740	 1.06	25.33	 0.49	 1.50	 0.54	  8.07	 8.83	         	  2
n3370	161.7800	+17.25610	  51334	 28.790	 0.98	26.88	 0.62	 0.56	 0.26	  0.44	 8.61	rej      	  3
n3370	161.7580	+17.28890	   4531	 29.230	 1.00	25.38	 0.29	 1.15	 0.18	  3.05	 8.71	         	  1
n3370	161.7580	+17.28030	  62219	 29.430	 1.11	25.16	 0.58	 2.50	 0.39	 21.20	 8.89	         	  2
n3370	161.7750	+17.25740	  46992	 29.600	 0.95	25.42	 0.68	 5.34	 0.17	  3.45	 8.72	         	  2
n3370	161.7810	+17.25720	  51430	 30.430	 1.04	24.55	 0.23	 4.61	 0.11	 13.80	 8.62	         	  1
n3370	161.7720	+17.28400	  27556	 30.690	 0.99	25.36	 0.23	 0.55	 0.13	  2.62	 8.70	         	  1
n3370	161.7620	+17.26960	  19943	 30.800	 0.73	24.19	 0.81	 0.60	 0.85	  6.91	 8.97	rej      	  1
n3370	161.7620	+17.27870	  13380	 31.740	 0.85	23.71	 0.79	 0.54	 1.29	 12.50	 9.05	rej      	  2
n3370	161.7660	+17.28580	  15081	 32.560	 1.22	25.12	 0.26	 0.37	 0.12	  0.65	 8.80	         	  2
n3370	161.7610	+17.26860	  18200	 32.860	 1.12	24.54	 0.42	 0.23	 0.17	  7.99	 8.88	         	  1
n3370	161.7650	+17.26700	  26416	 33.400	 1.19	24.68	 0.50	 0.86	 0.34	 24.40	 8.98	         	  1
n3370	161.7840	+17.26090	  52428	 33.480	 1.03	24.80	 0.20	 0.57	 0.01	  2.62	 8.54	         	  2
n3370	161.7730	+17.28140	  31439	 33.490	 1.00	25.28	 0.34	 2.52	 0.24	  3.33	 8.76	         	  2
n3370	161.7630	+17.27520	  17886	 33.560	 1.25	24.35	 0.52	 2.39	 1.48	 75.00	 9.13	         	  1
n3370	161.7800	+17.26420	  49211	 33.570	 0.96	24.57	 0.37	 0.43	 0.20	 12.60	 8.72	         	  1
n3370	161.7850	+17.26580	  52279	 33.690	 1.04	25.26	 0.18	 0.38	 0.03	  0.54	 8.48	         	  2
n3370	161.7560	+17.28350	   4345	 34.070	 1.21	24.82	 0.38	 5.57	 0.28	 17.90	 8.79	         	  2
n3370	161.7520	+17.28580	   1320	 34.580	 1.06	24.81	 0.32	 0.49	 0.15	 15.50	 8.62	         	  1
n3370	161.7610	+17.26970	  17969	 34.710	 1.17	24.43	 0.60	 6.27	 0.53	 19.90	 8.93	         	  1
n3370	161.7610	+17.28070	  10677	 35.240	 1.12	25.00	 0.57	 4.86	 0.49	 16.30	 8.97	         	  2
n3370	161.7630	+17.27240	  19618	 35.660	 1.20	24.81	 0.57	 5.94	 1.16	 38.10	 9.10	         	  1
n3370	161.7680	+17.28100	  22097	 36.020	 0.98	24.08	 0.52	 0.52	 0.50	 37.50	 8.95	         	  3
n3370	161.7810	+17.26100	  50582	 36.690	 1.07	24.74	 0.26	 0.25	 0.08	  2.83	 8.67	         	  1
n3370	161.7570	+17.28390	  59919	 36.990	 0.90	25.07	 0.47	 1.30	 0.33	 16.50	 8.81	         	  2
n3370	161.7750	+17.26240	  45614	 37.020	 0.82	24.45	 0.34	 2.97	 0.25	  2.64	 8.86	         	  1
n3370	161.7690	+17.28640	  21445	 37.100	 1.09	24.94	 0.23	 0.37	 0.09	  3.91	 8.68	         	  2
n3370	161.7590	+17.26540	  16214	 37.210	 1.18	23.10	 0.39	 7.88	 0.06	 57.20	 8.67	rej      	  1
n3370	161.7730	+17.28200	  30965	 37.280	 0.95	24.90	 0.27	 2.20	 0.20	  6.33	 8.74	         	  2
n3370	161.7630	+17.27050	  20306	 37.280	 0.76	24.52	 0.68	 5.55	 1.02	 36.90	 9.02	         	  1
n3370	161.7680	+17.28410	  21506	 38.540	 0.76	24.41	 0.34	 1.84	 0.09	 12.50	 8.80	         	  2
n3370	161.7730	+17.28230	  31251	 39.290	 0.92	24.80	 0.26	 0.14	 0.13	  3.78	 8.72	         	  1
n3370	161.7760	+17.25840	  47492	 39.410	 1.14	24.68	 0.32	 0.86	 0.09	  8.32	 8.75	         	  2
n3370	161.7690	+17.28950	  18990	 40.010	 0.80	24.66	 0.12	 0.33	 0.00	  1.33	 8.56	         	  1
n3370	161.7680	+17.28320	  20732	 41.550	 1.17	23.98	 0.37	 1.52	 0.19	 28.90	 8.86	         	  2
n3370	161.7610	+17.28390	   9431	 43.100	 0.84	24.52	 0.36	 2.43	 0.40	 24.90	 8.89	         	  1
n3370	161.7580	+17.28210	   6440	 43.940	 1.18	24.63	 0.45	 0.69	 0.29	  3.14	 8.86	         	  2
n3370	161.7720	+17.27670	  85483	 44.570	 1.14	23.90	 0.59	 4.94	 0.39	 42.20	 8.93	         	  1
n3370	161.7650	+17.26490	  28504	 44.970	 0.82	24.18	 0.31	 0.80	 0.23	 21.90	 8.90	         	  1
n3370	161.7600	+17.28230	   9014	 45.100	 1.12	25.24	 0.34	 4.86	 0.22	 11.80	 8.91	         	  2
n3370	161.7770	+17.27920	  40168	 45.400	 1.02	23.73	 0.15	 0.73	 0.06	 15.50	 8.64	rej      	  1
n3370	161.7570	+17.28310	   5439	 45.820	 0.97	24.10	 0.25	 0.20	 0.43	 19.60	 8.83	         	  4
n3370	161.7790	+17.26850	  46830	 45.880	 1.07	24.80	 0.35	 3.42	 0.18	  8.22	 8.78	         	  1
n3370	161.7800	+17.27520	  46035	 50.130	 1.09	24.39	 0.19	 2.93	 0.03	  7.59	 8.59	         	  1
n3370	161.7660	+17.26830	  28129	 50.570	 1.12	25.29	 0.72	 0.81	 0.59	 37.50	 9.07	rej      	  1
n3370	161.7570	+17.28270	   5361	 50.600	 0.89	24.42	 0.33	 0.41	 0.33	  9.09	 8.82	         	  4
n3370	161.7700	+17.27970	  28534	 51.150	 0.97	24.72	 0.41	 4.19	 0.23	 25.90	 8.91	         	  0
n3370	161.7780	+17.26020	  48903	 51.680	 1.07	24.40	 0.25	 0.28	 0.11	  7.61	 8.74	         	  4
n3370	161.7640	+17.28080	  15864	 52.410	 1.02	23.68	 0.51	 0.87	 0.24	 21.10	 9.01	         	  1
n3370	161.7550	+17.28080	   4367	 52.720	 1.23	25.34	 0.39	 0.60	 0.17	  1.26	 8.78	rej      	  2
n3370	161.7650	+17.28730	  13303	 52.740	 1.15	24.31	 0.24	 0.34	 0.05	  7.04	 8.75	         	  1
n3370	161.7520	+17.28410	   1528	 60.680	 0.82	24.03	 0.17	 0.22	 0.08	  6.74	 8.63	         	  1
n3370	161.7570	+17.28190	   5501	 62.700	 1.26	23.71	 0.29	 0.64	 0.26	  1.20	 8.83	         	  2
n3370	161.7590	+17.28470	   6706	 64.790	 0.96	24.11	 0.28	 1.38	 0.12	 10.80	 8.84	         	  3
n3370	161.7600	+17.28680	   7014	 66.710	 1.07	23.68	 0.28	 0.14	 0.09	  4.09	 8.79	         	  1
n3370	161.7680	+17.26670	  33669	 67.230	 1.38	23.99	 0.35	 0.70	 0.37	 33.70	 9.06	         	  1
n3370	161.7590	+17.27890	   9063	 68.900	 0.80	23.84	 0.24	 0.88	 0.14	 13.10	 8.92	         	  1
n3370	161.7690	+17.28310	  22612	 69.350	 1.03	23.68	 0.19	 0.17	 0.14	  5.44	 8.83	         	  2
n3370	161.7650	+17.26420	  29662	 71.520	 0.90	23.81	 0.22	 0.36	 0.19	  1.44	 8.88	         	  1
n3370	161.7680	+17.28120	  22718	 73.360	 0.90	23.59	 0.32	 0.18	 0.14	 12.90	 8.93	         	  3
n3370	161.7530	+17.28610	   1454	 79.260	 1.34	24.00	 0.15	 0.19	 0.07	  6.67	 8.63	         	  1
n3370	161.7690	+17.26770	  33346	 80.840	 0.89	24.04	 0.60	 4.44	 0.17	 10.60	 9.10	         	  1
n3370	161.7730	+17.28140	  33195	 81.040	 1.00	23.84	 0.13	 0.23	 0.05	 17.10	 8.72	         	  2
n3370	161.7570	+17.28540	   4471	 83.280	 1.43	23.83	 0.18	 0.18	 0.04	  8.78	 8.78	         	  1
n3370	161.7680	+17.28120	  22098	 86.330	 1.05	23.64	 0.27	 0.44	 0.10	  8.05	 8.94	         	  3
n3370	161.7530	+17.27850	   3205	 88.250	 1.02	23.62	 0.13	 0.49	 0.00	  7.03	 8.66	         	  1
n3370	161.7680	+17.26970	  31067	 88.540	 1.14	24.73	 0.71	 3.19	 1.12	 54.10	 9.17	rej      	  1
n3370	161.7780	+17.26000	  48741	 96.480	 0.97	23.75	 0.13	 0.03	 0.05	  7.22	 8.75	         	  4
n3370	161.7610	+17.28790	   8038	 96.820	 1.09	23.35	 0.12	 0.37	 0.02	  1.43	 8.76	         	  1
n3370	161.7620	+17.27220	  17501	 98.720	 1.07	23.79	 0.41	 3.27	 0.17	 39.40	 9.02	         	  1
n3982	179.1090	+55.13040	  48062	 20.840	 0.62	25.24	 0.56	 3.88	 1.42	 44.00	 9.04	         	  0
n3982	179.1170	+55.13390	  35102	 21.380	 0.90	24.67	 0.46	 0.63	 0.80	  7.47	 8.98	         	  0
n3982	179.1330	+55.11490	  16746	 21.460	 1.05	25.16	 0.35	 3.08	 0.12	  2.83	 8.64	         	  0
n3982	179.1260	+55.13240	  20027	 22.730	 1.00	25.58	 0.52	 3.25	 0.92	 11.60	 8.97	         	  0
n3982	179.1300	+55.12050	  85628	 23.580	 0.92	24.60	 0.48	 2.07	 0.65	 16.80	 8.92	         	  0
n3982	179.1130	+55.13700	  40688	 23.690	 0.86	25.24	 0.51	 2.80	 0.29	  5.17	 8.78	         	  0
n3982	179.1130	+55.10550	  51886	 24.550	 1.10	25.05	 0.18	 0.70	 0.01	  1.59	 8.36	         	  0
n3982	179.0970	+55.12080	  65962	 24.580	 0.86	26.43	 0.59	 0.82	 0.19	  6.04	 8.70	rej      	  1
n3982	179.1030	+55.12960	  57905	 25.240	 0.68	25.42	 0.41	 0.73	 0.74	 15.60	 8.88	         	  0
n3982	179.1210	+55.13140	  86821	 25.360	 0.75	25.35	 0.65	 3.65	 1.44	 39.40	 9.10	         	  0
n3982	179.1250	+55.13330	  21186	 26.780	 0.61	23.99	 0.42	 1.04	 0.46	  4.33	 8.94	rej      	  0
n3982	179.1090	+55.12950	  49777	 27.330	 0.79	25.66	 0.89	 4.69	 1.25	 51.20	 9.05	rej      	  0
n3982	179.1000	+55.11020	  65677	 28.580	 1.28	22.76	 0.15	 3.81	 0.02	 82.20	 8.44	rej      	  0
n3982	179.1210	+55.11460	  35316	 29.030	 1.20	24.77	 0.45	 4.48	 0.62	 16.40	 8.84	         	  0
n3982	179.0850	+55.12250	  72633	 32.520	 1.13	25.68	 0.28	 0.68	 0.00	  2.96	 8.32	rej      	  1
n3982	179.1190	+55.11380	  39405	 33.840	 0.75	23.21	 0.36	 0.87	 0.20	 51.10	 8.81	rej      	  0
n3982	179.1390	+55.11870	  10406	 34.200	 1.25	24.80	 0.16	 0.41	 0.03	  1.79	 8.57	         	  0
n3982	179.1290	+55.11560	  21055	 37.340	 1.22	24.48	 0.24	 1.12	 0.11	 13.20	 8.76	         	  0
n3982	179.1310	+55.12280	  16117	 37.990	 1.12	24.37	 0.36	 1.49	 0.26	 17.30	 8.93	         	  1
n3982	179.1370	+55.12770	  10837	 38.470	 1.10	24.19	 0.26	 0.47	 0.07	 20.90	 8.77	         	  1
n3982	179.0940	+55.10950	  69280	 38.680	 1.19	24.39	 0.12	 0.34	 0.02	  3.78	 8.28	         	  1
n3982	179.1280	+55.13050	  17690	 39.190	 1.09	25.51	 0.58	 2.32	 0.56	 37.20	 8.98	rej      	  1
n3982	179.0980	+55.12000	  82298	 40.310	 0.82	24.41	 0.25	 1.04	 0.17	 17.90	 8.72	         	  1
n3982	179.0960	+55.11320	  67799	 40.440	 1.01	24.54	 0.12	 0.10	 0.00	  2.51	 8.46	         	  1
n3982	179.1380	+55.12530	  10346	 40.440	 1.27	24.11	 0.21	 1.04	 0.07	 13.00	 8.72	         	  1
n3982	179.1220	+55.11770	  32060	 40.720	 1.26	25.03	 0.58	 2.49	 0.54	  7.58	 8.99	         	  0
n3982	179.0860	+55.12170	  72603	 51.610	 0.92	23.95	 0.13	 0.17	 0.00	  2.40	 8.32	         	  0
n3982	179.1060	+55.12780	  89486	 62.440	 0.88	23.28	 0.40	 4.86	 0.44	 34.20	 9.02	         	  0
n3982	179.1340	+55.13050	  12402	 72.360	 1.00	23.06	 0.28	 0.54	 0.02	 15.50	 8.82	         	  0
n3021	147.7250	+33.55500	  71145	 16.120	 0.67	24.88	 0.36	 0.11	 0.26	  4.11	 8.73	rej      	  0
n3021	147.7310	+33.55820	  64603	 16.280	 1.27	26.28	 0.75	 7.71	 1.24	 26.20	 9.01	         	  0
n3021	147.7490	+33.55170	  29320	 18.680	 0.73	25.66	 0.69	 3.30	 1.29	 27.90	 8.90	         	  2
n3021	147.7500	+33.54720	  26176	 19.470	 0.73	25.56	 0.39	 0.47	 0.33	  1.11	 8.67	         	  0
n3021	147.7370	+33.56010	  54363	 20.450	 1.13	26.89	 0.76	 4.88	 0.61	  6.35	 8.80	rej      	  0
n3021	147.7420	+33.54900	  42349	 20.560	 0.77	25.08	 0.44	 2.33	 1.46	 51.10	 9.10	         	  0
n3021	147.7470	+33.55660	  35001	 20.990	 0.96	25.48	 0.60	 6.21	 0.73	 17.20	 8.77	         	  1
n3021	147.7260	+33.55580	  70351	 22.570	 0.92	24.43	 0.56	 0.23	 0.49	  6.29	 8.82	rej      	  2
n3021	147.7210	+33.55510	  73805	 22.900	 0.77	25.61	 0.20	 0.47	 0.00	  0.81	 8.44	         	  1
n3021	147.7270	+33.55610	  69513	 23.980	 0.97	24.70	 0.44	 0.86	 0.41	  7.44	 8.88	         	  2
n3021	147.7260	+33.56000	  70368	 25.140	 0.71	25.96	 0.41	 0.10	 0.06	  3.82	 8.68	         	  2
n3021	147.7320	+33.54880	  60391	 28.670	 0.86	24.89	 0.31	 0.61	 0.11	 10.40	 8.76	         	  4
n3021	147.7480	+33.55030	  31450	 31.640	 0.70	24.30	 0.54	 8.72	 0.69	 36.10	 8.98	         	  4
n3021	147.7370	+33.55930	  54600	 32.590	 0.86	24.80	 0.47	 1.07	 0.27	 20.10	 8.92	         	  2
n3021	147.7280	+33.54750	  66191	 32.660	 0.79	25.81	 0.24	 1.17	 0.04	  0.72	 8.36	rej      	  2
n3021	147.7340	+33.55150	  57991	 35.430	 0.67	24.93	 0.62	 2.19	 0.49	  1.85	 9.18	         	  1
n3021	147.7280	+33.55890	  68742	 36.730	 0.96	25.10	 0.29	 0.11	 0.19	 13.80	 8.83	         	  2
n3021	147.7460	+33.55600	  94290	 37.110	 1.11	25.10	 0.73	 4.34	 0.86	 16.00	 8.93	         	  1
n3021	147.7320	+33.54890	  59774	 39.190	 0.92	24.56	 0.32	 1.26	 0.27	  6.17	 8.79	         	  4
n3021	147.7480	+33.55110	  32262	 44.790	 1.26	24.24	 0.55	 3.30	 0.57	 19.20	 9.02	         	  2
n3021	147.7470	+33.55500	  34624	 48.270	 1.00	23.98	 0.59	 0.94	 0.38	 34.10	 8.93	         	  0
n3021	147.7390	+33.55810	 101986	 56.240	 1.20	24.70	 0.53	 5.76	 0.70	 21.80	 9.03	         	  1
n3021	147.7510	+33.55410	  26664	 58.580	 0.76	24.33	 0.26	 0.69	 0.05	  3.17	 8.67	         	  2
n3021	147.7450	+33.55620	  38746	 74.770	 0.81	23.18	 0.52	 2.32	 0.27	 31.40	 8.96	         	  1
n3021	147.7330	+33.55790	  61619	 81.020	 1.14	24.06	 0.38	 0.28	 0.36	  7.11	 9.10	         	  0
n3021	147.7470	+33.55170	  33806	108.300	 0.87	23.76	 0.49	 2.64	 0.39	 49.60	 9.08	         	  4
n1309	050.5352	-15.41100	   7989	 39.410	 0.89	24.55	 0.26	 0.38	 0.05	  5.12	 8.85	         	  2
n1309	050.5262	-15.41000	  27980	 39.920	 1.07	25.06	 0.60	 3.55	 0.52	 17.20	 8.93	         	  1
n1309	050.5131	-15.41220	  52975	 40.520	 0.76	25.57	 0.17	 0.18	 0.03	  1.80	 8.56	rej      	  1
n1309	050.5339	-15.38690	   7994	 40.680	 0.89	25.35	 0.61	 4.59	 0.45	  3.05	 8.81	         	  2
n1309	050.5416	-15.39650	   1166	 41.110	 1.10	25.12	 0.21	 0.41	 0.08	  2.13	 8.82	         	  2
n1309	050.5241	-15.40280	  76534	 41.860	 0.62	25.55	 0.77	 2.05	 1.45	 36.50	 9.09	         	  1
n1309	050.5282	-15.40870	  22918	 42.030	 0.82	24.28	 0.43	 2.23	 0.45	 34.40	 8.99	         	  4
n1309	050.5402	-15.39410	   2032	 42.530	 0.72	24.45	 0.24	 0.22	 0.05	  5.20	 8.85	         	  2
n1309	050.5161	-15.38610	  48747	 42.680	 0.85	24.96	 0.16	 0.51	 0.03	  2.93	 8.63	         	  1
n1309	050.5288	-15.39770	  67393	 42.740	 0.85	25.01	 0.67	 1.40	 1.08	 42.60	 9.23	         	  1
n1309	050.5351	-15.38550	  58298	 43.520	 0.77	24.87	 0.21	 0.88	 0.05	  7.39	 8.75	         	  1
n1309	050.5350	-15.40070	   7331	 44.580	 0.52	24.73	 0.81	 4.11	 0.98	 59.20	 9.08	         	  1
n1309	050.5406	-15.39460	   1732	 45.000	 0.72	24.73	 0.21	 0.03	 0.07	 10.20	 8.84	         	  1
n1309	050.5298	-15.40830	  19368	 45.250	 0.79	26.25	 0.67	 2.51	 0.38	  0.21	 9.00	rej      	  1
n1309	050.5162	-15.39830	  49584	 45.670	 0.78	25.75	 0.58	 3.55	 0.52	 19.40	 8.83	rej      	  1
n1309	050.5302	-15.39050	  16143	 46.740	 1.00	25.05	 0.37	 0.70	 0.37	 14.60	 8.97	         	  1
n1309	050.5315	-15.40690	  15346	 46.850	 0.81	24.18	 0.54	 0.79	 0.31	 32.20	 9.04	         	  2
n1309	050.5132	-15.40390	  52566	 47.410	 0.53	24.70	 0.38	 5.01	 0.16	  1.76	 8.70	         	  2
n1309	050.5135	-15.39880	  52170	 47.990	 0.96	24.89	 0.35	 0.11	 0.24	 14.60	 8.73	         	  2
n1309	050.5370	-15.41210	   4882	 48.910	 0.75	25.24	 0.19	 0.31	 0.00	  6.58	 8.78	rej      	  2
n1309	050.5283	-15.40530	  68817	 49.930	 0.53	25.11	 0.57	 5.29	 0.78	 26.60	 9.11	         	  2
n1309	050.5304	-15.38680	  15318	 51.450	 0.76	24.71	 0.18	 0.41	 0.05	  1.49	 8.84	         	  1
n1309	050.5266	-15.40580	  71911	 51.990	 0.76	24.90	 0.69	 1.98	 0.72	 24.10	 9.07	         	  2
n1309	050.5260	-15.40770	  28132	 52.240	 1.02	25.43	 0.65	 8.51	 0.50	  1.50	 9.00	rej      	  2
n1309	050.5360	-15.41150	   6581	 58.980	 0.79	24.61	 0.20	 0.09	 0.07	  2.35	 8.82	         	  2
n1309	050.5361	-15.41230	   6542	 59.120	 0.90	24.49	 0.21	 0.22	 0.04	  9.43	 8.79	         	  2
n1309	050.5120	-15.39910	  53187	 59.750	 0.57	24.85	 0.29	 2.70	 0.11	 10.10	 8.68	         	  2
n1309	050.5281	-15.40920	  69494	 60.170	 0.92	24.34	 0.33	 2.48	 0.26	 19.70	 8.97	         	  2
n1309	050.5296	-15.40890	  19918	 64.940	 0.81	24.96	 0.36	 0.27	 0.22	  4.42	 8.98	         	  2
n1309	050.5311	-15.40790	  64757	 65.020	 1.09	24.02	 0.37	 0.18	 0.18	  8.58	 9.01	         	  2
n1309	050.5315	-15.38950	  13102	 66.340	 0.82	24.73	 0.26	 0.18	 0.19	  8.57	 8.93	         	  1
n1309	050.5186	-15.39460	  45088	 71.400	 0.78	24.44	 0.56	 5.02	 0.32	 30.00	 8.88	         	  1
n1309	050.5379	-15.40640	   3836	 73.270	 0.87	24.27	 0.17	 0.61	 0.07	 11.00	 8.90	         	  1
n1309	050.5355	-15.41410	   7702	 73.760	 0.86	24.12	 0.22	 0.11	 0.02	  6.18	 8.74	         	  4
n1309	050.5284	-15.41750	  23616	 82.130	 0.90	24.34	 0.12	 0.10	 0.01	  5.35	 8.67	rej      	  1
n1309	050.5364	-15.40170	   4908	 97.890	 0.96	23.99	 0.27	 0.25	 0.08	 14.90	 9.02	         	  1
n5584	215.6120	-00.39317	 835998	 97.750	 1.38	23.67	 0.14	 0.57	 0.02	 17.00	 8.81	rej      	  0
n5584	215.6090	-00.38455	 625643	 93.910	 1.17	24.11	 0.23	 0.56	 0.08	  8.95	 8.85	rej      	  0
n5584	215.6010	-00.37794	 414458	 91.510	 1.52	23.37	 0.21	 0.11	 0.05	  4.01	 8.88	         	  0
n5584	215.6000	-00.37436	 325718	 88.510	 1.14	23.18	 0.18	 1.13	 0.06	 40.00	 8.80	         	  0
n5584	215.6040	-00.37817	 449432	 84.690	 1.03	23.39	 0.23	 0.38	 0.06	 22.30	 8.83	         	  0
n5584	215.6140	-00.38730	 735368	 81.350	 1.09	23.15	 0.16	 0.20	 0.05	  0.75	 8.74	         	  0
n5584	215.5970	-00.37921	 395114	 81.190	 1.28	23.91	 0.23	 0.47	 0.12	  1.19	 8.95	         	  0
n5584	215.5890	-00.37214	 172880	 79.480	 1.23	23.18	 0.16	 0.13	 0.07	  0.33	 8.73	         	  0
n5584	215.5940	-00.37868	 354807	 75.260	 1.17	23.83	 0.20	 0.73	 0.07	  2.32	 8.92	         	  0
n5584	215.5900	-00.37306	 200686	 74.800	 1.34	23.62	 0.20	 1.11	 0.08	 29.20	 8.76	         	  0
n5584	215.5980	-00.39863	 801059	 71.460	 1.04	23.45	 0.17	 0.57	 0.09	 12.30	 8.86	         	  0
n5584	215.6060	-00.39367	 781327	 68.170	 0.97	24.62	 0.38	 1.10	 0.20	  2.26	 8.96	rej      	  0
n5584	215.6120	-00.40291	1028620	 65.820	 1.15	23.69	 0.14	 0.10	 0.07	 16.80	 8.70	         	  0
n5584	215.5890	-00.37954	 325206	 64.080	 1.20	24.02	 0.19	 0.31	 0.08	  4.51	 8.87	         	  0
n5584	215.5950	-00.36959	 185292	 63.110	 0.90	23.89	 0.25	 0.68	 0.07	 23.70	 8.70	         	  0
n5584	215.6000	-00.39367	 715226	 60.540	 1.10	24.25	 0.34	 2.88	 0.16	 31.70	 9.01	         	  0
n5584	215.6080	-00.38414	 607520	 60.040	 1.11	23.76	 0.24	 0.09	 0.14	  4.45	 8.87	         	  0
n5584	215.6070	-00.39206	 758598	 58.780	 1.20	25.00	 0.43	 0.73	 0.21	 18.20	 8.95	rej      	  0
n5584	215.6080	-00.38491	 628911	 57.830	 1.03	23.94	 0.29	 1.55	 0.24	 19.00	 8.87	         	  0
n5584	215.6160	-00.38822	 770520	 57.730	 1.36	23.27	 0.14	 0.41	 0.04	 33.90	 8.70	rej      	  0
n5584	215.5870	-00.36979	 111577	 56.720	 0.95	23.66	 0.23	 0.20	 0.12	 16.40	 8.67	         	  0
n5584	215.6080	-00.39491	 823580	 56.170	 1.36	23.68	 0.23	 0.55	 0.06	  3.63	 8.91	         	  0
n5584	215.6060	-00.37869	 473829	 55.130	 1.02	23.72	 0.26	 0.67	 0.10	 16.60	 8.82	         	  0
n5584	215.5920	-00.39540	 673309	 53.560	 1.21	23.49	 0.20	 0.20	 0.13	 21.80	 8.84	         	  0
n5584	215.5960	-00.38721	 549082	 52.160	 1.05	24.15	 0.33	 2.98	 0.28	 22.90	 9.09	         	  0
n5584	215.6010	-00.38250	 502797	 51.920	 1.17	23.65	 0.24	 2.47	 0.17	 12.10	 9.00	         	  0
n5584	215.6030	-00.39925	 858989	 51.770	 1.11	23.08	 0.20	 3.38	 0.09	 45.30	 8.87	rej      	  0
n5584	215.6160	-00.38786	 766511	 49.350	 1.14	24.56	 0.23	 0.25	 0.08	  9.49	 8.68	         	  0
n5584	215.6130	-00.38965	 775000	 47.940	 1.50	23.97	 0.27	 0.52	 0.15	  1.14	 8.77	         	  0
n5584	215.6060	-00.39904	 891587	 47.860	 1.05	23.79	 0.21	 0.41	 0.14	  4.00	 8.86	         	  0
n5584	215.6130	-00.40295	1031570	 47.050	 1.09	24.17	 0.17	 0.28	 0.10	 14.30	 8.70	         	  0
n5584	215.6020	-00.38074	 478350	 46.750	 1.36	24.41	 0.29	 0.94	 0.16	  4.59	 8.94	         	  0
n5584	215.6050	-00.39433	 781586	 46.660	 0.65	24.38	 0.36	 0.83	 0.36	 26.70	 8.97	         	  0
n5584	215.6040	-00.37848	 455911	 46.100	 1.15	25.36	 0.54	 5.50	 0.27	  8.08	 8.84	rej      	  0
n5584	215.5900	-00.37788	 295981	 45.660	 0.93	24.23	 0.21	 0.02	 0.11	  7.26	 8.85	         	  0
n5584	215.6000	-00.37540	 347072	 44.980	 0.89	23.05	 0.35	 0.11	 0.27	 11.70	 8.83	rej      	  0
n5584	215.5890	-00.36851	  97566	 43.490	 1.42	23.84	 0.26	 3.50	 0.14	 10.40	 8.65	         	  0
n5584	215.5970	-00.37993	 411135	 43.460	 1.01	24.20	 0.38	 0.56	 0.25	 19.50	 8.97	         	  0
n5584	215.6100	-00.38825	 715986	 42.450	 1.46	24.46	 0.32	 0.25	 0.14	  1.60	 8.85	         	  0
n5584	215.5990	-00.37703	 374736	 41.520	 1.07	24.12	 0.44	 1.19	 0.36	 30.40	 8.88	         	  0
n5584	215.5940	-00.37301	 238461	 39.160	 1.35	24.65	 0.46	 0.91	 0.13	 18.70	 8.79	         	  0
n5584	215.6050	-00.38369	 571414	 39.160	 1.07	24.04	 0.31	 0.50	 0.28	  6.99	 8.93	         	  0
n5584	215.6040	-00.40603	1003920	 39.010	 1.07	23.91	 0.31	 0.30	 0.21	 11.70	 8.70	         	  0
n5584	215.6030	-00.38346	 545366	 38.810	 0.88	25.31	 0.46	 3.05	 0.16	 18.90	 8.98	rej      	  0
n5584	215.6140	-00.38679	 727892	 38.650	 1.02	24.73	 0.29	 0.25	 0.24	 10.60	 8.72	         	  0
n5584	215.5930	-00.38372	 449157	 38.490	 0.94	24.72	 0.55	 4.63	 0.43	 26.40	 9.00	         	  0
n5584	215.5970	-00.38486	 513827	 38.200	 1.16	23.80	 0.48	 1.38	 0.36	 18.30	 9.09	         	  0
n5584	215.5930	-00.39158	 605531	 38.070	 1.10	24.79	 0.41	 3.28	 0.20	 10.10	 8.94	         	  0
n5584	215.6120	-00.37894	 550433	 38.040	 1.22	24.27	 0.19	 0.27	 0.07	  8.55	 8.66	         	  0
n5584	215.6110	-00.40276	1015180	 37.170	 1.00	24.15	 0.26	 4.17	 0.11	 11.80	 8.72	         	  0
n5584	215.6090	-00.38349	 606041	 36.880	 0.86	23.84	 0.32	 5.17	 0.24	 14.10	 8.83	         	  0
n5584	215.5990	-00.39494	 738261	 36.540	 1.29	24.60	 0.48	 1.15	 0.36	 29.20	 8.98	         	  0
n5584	215.6000	-00.37715	 390652	 36.480	 0.86	24.25	 0.49	 7.21	 0.22	 34.20	 8.86	         	  0
n5584	215.5970	-00.38040	 421192	 36.290	 1.09	23.90	 0.38	 1.50	 0.11	 29.50	 8.98	         	  0
n5584	215.5960	-00.37243	 253461	 36.270	 1.36	24.54	 0.60	 3.98	 0.54	 10.80	 8.77	         	  0
n5584	215.5940	-00.37074	 200467	 35.850	 1.40	24.93	 0.35	 0.28	 0.28	  3.16	 8.73	         	  0
n5584	215.5950	-00.37075	 208725	 35.130	 0.98	24.76	 0.44	 3.60	 0.31	 24.50	 8.73	         	  0
n5584	215.5980	-00.38330	 493790	 34.440	 1.01	24.94	 0.60	 2.71	 0.53	  0.50	 9.05	         	  0
n5584	215.5970	-00.37295	 267902	 33.470	 0.84	25.99	 0.65	 5.00	 0.62	  8.74	 8.78	rej      	  0
n5584	215.5910	-00.39445	 644384	 33.110	 0.89	25.58	 0.69	 1.96	 0.23	 12.70	 8.83	rej      	  0
n5584	215.5880	-00.37507	 220248	 31.360	 1.05	24.49	 0.28	 0.13	 0.09	  2.92	 8.77	         	  0
n5584	215.6140	-00.39115	 811974	 31.060	 1.04	24.33	 0.37	 1.02	 0.14	 15.50	 8.76	         	  0
n5584	215.6110	-00.39825	 918325	 30.500	 0.95	24.61	 0.31	 1.04	 0.14	 11.60	 8.81	         	  0
n5584	215.5940	-00.38696	 521128	 30.460	 1.07	24.45	 0.40	 2.11	 0.44	 26.50	 9.02	         	  0
n5584	215.5900	-00.38638	 464626	 30.310	 1.21	24.64	 0.36	 0.68	 0.28	 14.90	 8.90	         	  0
n5584	215.6090	-00.37214	 378235	 30.170	 1.15	24.69	 0.19	 0.20	 0.09	 10.80	 8.59	         	  0
n5584	215.5890	-00.38421	 418643	 30.100	 1.09	23.99	 0.30	 0.43	 0.32	 23.10	 8.90	         	  0
n5584	215.6000	-00.38334	 511109	 30.000	 1.07	24.72	 0.44	 3.01	 0.55	 23.80	 9.04	         	  0
n5584	215.6010	-00.38069	 466137	 29.600	 1.19	24.53	 0.55	 1.11	 0.26	  9.32	 8.96	         	  0
n5584	215.6090	-00.40681	1073820	 29.510	 1.20	23.91	 0.21	 0.52	-0.10	 16.90	 8.66	rej      	  0
n5584	215.6000	-00.37848	 412396	 28.870	 0.79	24.66	 0.66	 5.53	 0.46	 25.30	 8.91	         	  0
n5584	215.5890	-00.37474	 230093	 28.360	 1.36	24.49	 0.37	 5.96	 0.29	 21.70	 8.79	         	  0
n5584	215.5960	-00.38491	 504490	 28.310	 0.76	24.40	 0.51	 6.73	 0.56	  4.91	 9.08	         	  0
n5584	215.6130	-00.39728	 927325	 27.860	 1.34	24.68	 0.29	 0.03	 0.23	  7.12	 8.76	         	  0
n5584	215.6010	-00.37244	 298430	 27.530	 0.93	25.12	 0.30	 1.26	 0.26	 13.20	 8.73	         	  0
n5584	215.6090	-00.38314	 602554	 26.710	 1.06	24.19	 0.46	 0.80	 0.34	 19.40	 8.82	         	  0
n5584	215.6050	-00.38320	 563696	 26.660	 1.10	24.94	 0.34	 6.03	 0.32	 21.90	 8.92	         	  0
n5584	215.6130	-00.38673	 711358	 26.640	 0.98	25.59	 0.39	 0.43	 0.02	  8.44	 8.77	         	  0
n5584	215.6110	-00.39485	 852752	 26.360	 1.20	23.96	 0.27	 0.33	 0.22	 12.60	 8.84	rej      	  0
n5584	215.5950	-00.38644	 519642	 25.750	 1.02	23.63	 0.43	 0.27	 0.47	 38.10	 9.05	rej      	  0
n5584	215.6130	-00.37874	 550434	 25.590	 1.09	24.99	 0.28	 1.72	 0.07	  6.68	 8.64	         	  0
n5584	215.6010	-00.39420	 740028	 25.570	 0.97	24.66	 0.63	 1.80	 0.38	 12.40	 9.00	         	  0
n5584	215.5980	-00.40016	 825506	 25.300	 1.01	26.32	 0.49	 4.23	 0.16	 10.20	 8.81	rej      	  0
n5584	215.6100	-00.39836	 912240	 25.060	 0.92	25.21	 0.41	 3.17	 0.27	 19.30	 8.82	         	  0
n5584	215.6120	-00.39635	 892554	 25.020	 1.32	24.48	 0.38	 0.49	 0.20	  3.84	 8.81	         	  0
n5584	215.5880	-00.40016	 729270	 24.710	 1.00	25.06	 0.27	 0.72	 0.23	  4.88	 8.64	         	  0
n5584	215.5870	-00.36849	  82928	 24.280	 0.85	25.13	 0.43	 1.00	 0.09	  8.70	 8.64	         	  0
n5584	215.5830	-00.39387	 552392	 23.440	 0.92	25.91	 0.33	 0.09	 0.14	  4.35	 8.64	rej      	  0
n5584	215.5820	-00.39356	 534937	 23.330	 1.03	25.03	 0.13	 0.38	 0.33	 17.50	 8.61	         	  0
n5584	215.5940	-00.38845	 549585	 22.920	 0.89	24.82	 0.47	 2.86	 0.65	 30.60	 9.01	         	  0
n5584	215.6120	-00.39399	 853244	 22.520	 1.00	26.65	 0.69	 2.85	 0.28	 12.10	 8.80	rej      	  0
n5584	215.5980	-00.37501	 321323	 21.510	 1.09	24.77	 0.76	 2.71	 0.92	 34.00	 8.83	         	  0
n5584	215.6030	-00.39532	 787283	 21.070	 0.97	24.90	 0.50	 2.39	 0.54	 17.90	 8.97	         	  0
n5584	215.5980	-00.40295	 889136	 20.770	 1.15	24.54	 0.35	 2.16	 0.20	  5.19	 8.75	         	  0
n5584	215.5950	-00.37314	 258671	 20.280	 1.00	25.50	 0.43	 4.15	 0.81	 24.60	 8.79	         	  0
n4038	180.4780	-18.85730	   2899	 28.290	 1.31	24.23	 0.39	 1.57	 0.33	 18.10	 8.98	         	  0
n4038	180.4860	-18.87010	  50618	 30.050	 1.09	25.62	 0.61	 5.42	 1.02	 41.00	 9.00	rej      	  0
n4038	180.4860	-18.87270	  61212	 30.060	 1.18	23.69	 0.55	 0.81	 0.61	 33.50	 8.97	rej      	  0
n4038	180.4820	-18.86160	  14127	 32.610	 0.94	24.77	 0.50	 4.32	 0.74	 33.90	 9.05	         	  0
n4038	180.4570	-18.87440	  66568	 35.150	 1.11	24.87	 0.57	 0.41	 0.17	 17.50	 9.00	         	  0
n4038	180.4680	-18.85640	   2098	 36.060	 1.10	24.64	 0.45	 3.47	 0.32	 31.40	 8.95	         	  0
n4038	180.4630	-18.87040	  52139	 36.530	 1.13	24.13	 0.42	 4.38	 1.01	 99.40	 9.12	         	  0
n4038	180.4580	-18.87170	  56965	 37.870	 1.01	23.26	 0.57	 2.09	 0.58	103.00	 9.05	rej      	  0
n4038	180.4660	-18.86120	  12318	 38.710	 0.94	23.93	 0.57	 2.23	 1.01	130.00	 9.06	         	  0
n4038	180.4550	-18.87180	  57613	 39.820	 1.10	23.70	 0.51	 0.81	 0.36	 58.80	 9.01	         	  0
n4038	180.4580	-18.87230	  59401	 40.070	 1.40	24.34	 0.43	 1.42	 0.67	  9.46	 9.04	         	  0
n4038	180.4580	-18.87280	  61493	 40.840	 0.93	24.56	 0.54	 4.28	 0.39	 69.60	 9.04	         	  0
n4038	180.4580	-18.87460	  67110	 41.070	 0.92	24.66	 0.48	 1.23	 0.37	  9.32	 9.01	         	  0
n4038	180.4670	-18.88440	  87068	 42.410	 1.20	24.85	 0.54	 3.80	 0.28	 14.40	 8.82	rej      	  0
n4038	180.4570	-18.87260	  60844	 42.910	 1.04	23.83	 0.54	 6.32	 0.47	 49.50	 9.03	         	  0
n4038	180.4710	-18.87830	  75207	 42.990	 1.27	24.19	 0.37	 5.52	 0.12	 17.00	 8.97	         	  0
n4038	180.4740	-18.85580	   1757	 43.980	 1.26	23.81	 0.27	 0.81	 0.21	 26.70	 8.95	         	  0
n4038	180.4570	-18.86800	  40839	 45.850	 1.13	24.25	 0.35	 3.97	 0.55	 40.50	 9.05	         	  0
n4038	180.4570	-18.87340	  63839	 46.160	 1.12	24.09	 0.39	 1.30	 0.34	 33.40	 9.02	         	  0
n4038	180.4840	-18.87810	  74894	 46.310	 0.93	22.97	 0.50	 0.89	 0.69	112.00	 8.89	rej      	  0
n4038	180.4730	-18.88120	  80094	 46.730	 1.48	23.27	 0.47	 0.76	 0.33	 38.80	 8.89	         	  0
n4038	180.4850	-18.86990	  49858	 50.340	 1.00	24.36	 0.49	 1.67	 0.77	 27.30	 9.02	         	  0
n4038	180.4750	-18.88490	  88457	 53.950	 1.27	23.99	 0.43	 7.73	 1.06	 16.70	 8.78	         	  0
n4038	180.4730	-18.86120	  12435	 54.500	 0.81	23.95	 0.52	 1.63	 0.80	 95.60	 9.09	         	  0
n4038	180.4580	-18.87280	  61356	 58.780	 1.23	24.59	 0.57	 2.70	 0.39	 14.70	 9.04	rej      	  0
n4038	180.4810	-18.88250	  82809	 61.040	 1.03	23.11	 0.43	 2.81	 0.50	 82.20	 8.81	         	  0
n4038	180.4760	-18.87960	  77376	 61.360	 1.40	23.70	 0.62	 2.16	 0.79	  0.20	 8.91	         	  0
n4038	180.4850	-18.87310	  62538	 64.410	 1.28	23.14	 0.29	 0.22	 0.27	 54.20	 8.97	         	  0
n4038	180.4690	-18.86060	  10441	 66.680	 1.23	24.70	 0.63	 3.52	 0.83	 73.50	 9.06	rej      	  0
n4038	180.4690	-18.87480	  67639	 72.930	 1.28	23.53	 0.38	 0.51	 0.26	  6.33	 9.07	         	  0
n4038	180.4870	-18.87490	  67811	 76.830	 1.45	23.03	 0.21	 0.30	 0.21	 13.40	 8.92	         	  0
n4038	180.4700	-18.85850	   5006	102.900	 1.13	23.42	 0.45	 4.17	 0.31	 67.80	 9.02	         	  0
n4038	180.4750	-18.86220	  16265	117.600	 1.32	22.80	 0.39	 0.44	 0.21	 75.30	 9.11	         	  0
n4038	180.4750	-18.86440	  24649	118.800	 1.00	22.71	 0.35	 1.08	 0.39	 76.30	 9.16	         	  0
n4038	180.4770	-18.85990	   8342	121.800	 1.23	23.24	 0.27	 0.69	 0.05	  0.20	 9.05	         	  0
n4038	180.4680	-18.85880	   5625	133.900	 1.27	22.29	 0.31	 1.30	 0.13	134.00	 9.02	         	  0
n4038	180.4590	-18.86810	  41146	162.100	 0.84	22.60	 0.21	 0.20	 0.15	 54.40	 9.07	         	  0
n4038	180.4700	-18.87570	  69575	197.100	 1.07	22.09	 0.16	 0.54	 0.05	 26.20	 9.04	         	  0
n4038	180.4750	-18.86510	  27608	203.300	 0.89	22.30	 0.30	 0.75	 0.10	  8.49	 9.17	         	  0
n4258	184.7130	+47.31220	  50193	 93.230	 0.82	21.20	 0.15	 0.37	 0.05	 55.70	 8.95	rej      	  1
n4258	184.7150	+47.31140	  42837	 95.920	 0.93	20.74	 0.18	 0.18	 0.05	219.00	 8.96	         	  3
n4258	184.7280	+47.31590	   9633	 69.460	 1.18	20.60	 0.23	 0.10	 0.10	259.00	 9.00	rej      	  3
n4258	184.7190	+47.31010	  31107	 58.210	 1.21	21.59	 0.24	 6.69	 0.07	 26.30	 8.97	         	  0
n4258	184.7270	+47.31780	  15470	 50.700	 1.48	20.89	 0.27	 6.80	 0.22	150.00	 8.99	rej      	  7
n4258	184.7140	+47.31270	  47358	 50.890	 0.86	21.58	 0.27	 0.31	 0.14	232.00	 8.96	         	  1
n4258	184.7200	+47.31100	  29058	 40.540	 0.95	21.59	 0.33	 9.81	 0.30	279.00	 8.97	         	  2
n4258	184.7190	+47.31210	  34159	 41.570	 1.01	21.77	 0.32	 0.16	 0.26	 85.90	 8.97	         	  2
n4258	184.7230	+47.31210	  19435	 39.530	 0.82	20.92	 0.35	 0.14	 0.25	453.00	 8.99	rej      	  1
n4258	184.7310	+47.32060	   8480	 37.630	 0.75	21.27	 0.43	 0.27	 0.11	125.00	 8.98	         	  2
n4258	184.7120	+47.30960	  49279	 36.120	 0.94	21.70	 0.27	 1.66	 0.16	216.00	 8.94	         	  2
n4258	184.7300	+47.32000	   8723	 35.570	 0.96	22.73	 0.46	 5.21	 0.52	121.00	 8.99	         	  2
n4258	184.7240	+47.31190	  17423	 34.570	 1.27	22.24	 0.40	 1.63	 0.38	 29.30	 8.99	         	  3
n4258	184.7240	+47.31060	  15103	 34.360	 1.14	23.36	 0.61	 2.91	 0.50	134.00	 8.99	rej      	  0
n4258	184.7200	+47.31410	  33434	 34.480	 0.78	20.86	 0.32	 0.38	 0.41	196.00	 8.97	rej      	  3
n4258	184.7220	+47.30690	  17369	 34.930	 1.00	21.59	 0.37	 5.77	 0.10	 95.50	 8.97	         	  1
n4258	184.7150	+47.30830	 189390	 34.410	 0.95	22.09	 0.29	 1.26	 0.22	 62.60	 8.95	         	  2
n4258	184.7220	+47.31200	  22927	 33.990	 1.04	21.58	 0.29	 0.72	 0.47	214.00	 8.98	         	  2
n4258	184.7320	+47.31840	   3147	 33.390	 1.01	22.50	 0.41	 1.99	 0.37	232.00	 8.99	         	  0
n4258	184.7190	+47.31500	  36217	 31.100	 1.25	23.29	 0.53	 6.28	 0.34	 12.30	 8.97	rej      	  1
n4258	184.7170	+47.31140	  36357	 29.480	 0.86	22.50	 0.41	 0.56	 0.49	  8.14	 8.96	         	  4
n4258	184.7200	+47.30560	  21518	 30.950	 0.46	21.53	 0.34	 4.57	 0.30	 99.90	 8.96	         	  0
n4258	184.7250	+47.31110	  14316	 29.630	 1.14	22.45	 0.44	 4.71	 0.62	 37.40	 8.99	         	  2
n4258	184.7150	+47.31130	  44839	 24.950	 1.10	22.42	 0.47	 2.88	 0.64	 56.50	 8.95	         	  3
n4258	184.7200	+47.31320	  30136	 26.070	 1.21	22.47	 0.47	 3.19	 0.64	178.00	 8.98	         	  4
n4258	184.7140	+47.31170	  46945	 25.120	 0.90	22.09	 0.49	 4.13	 0.37	122.00	 8.95	         	  2
n4258	184.7240	+47.31690	  24960	 25.490	 1.06	22.19	 0.38	 2.44	 0.56	100.00	 8.99	         	  2
n4258	184.7110	+47.31240	  56661	 23.830	 0.68	23.31	 0.42	 2.64	 0.34	 10.80	 8.94	         	  2
n4258	184.7310	+47.32120	   9241	 27.250	 0.72	22.26	 0.50	 3.18	 0.53	280.00	 8.98	         	  2
n4258	184.7200	+47.31320	  31615	 23.980	 1.32	22.20	 0.50	 0.34	 0.71	 95.00	 8.97	         	  4
n4258	184.7150	+47.31110	  43119	 23.810	 0.85	21.87	 0.38	 1.92	 0.40	 63.70	 8.96	rej      	  3
n4258	184.7290	+47.31750	   8361	 23.790	 1.22	22.32	 0.44	 0.67	 0.69	172.00	 8.99	         	  3
n4258	184.7280	+47.31970	  17151	 22.350	 1.65	22.23	 0.35	 0.50	 0.57	137.00	 8.99	         	  1
n4258	184.7240	+47.31620	  23741	 22.680	 1.43	22.98	 0.56	 2.51	 0.51	152.00	 8.99	         	  1
n4258	184.7260	+47.31460	  14643	 22.040	 1.92	23.66	 0.44	 2.01	 0.92	 19.80	 8.99	rej      	  1
n4258	184.7270	+47.31760	  17357	 22.450	 1.21	22.11	 0.36	 1.62	 0.60	177.00	 8.99	         	  7
n4258	184.7190	+47.31410	  34408	 22.420	 0.85	22.11	 0.55	 2.65	 0.68	273.00	 8.97	         	  2
n4258	184.7280	+47.31640	  12898	 22.820	 0.94	23.19	 0.56	 8.13	 0.78	270.00	 8.99	         	  3
n4258	184.7260	+47.31340	  14775	 21.610	 0.72	22.44	 0.39	 0.69	 1.11	113.00	 8.99	         	  1
n4258	184.7310	+47.31640	   1824	 20.100	 0.94	22.96	 0.45	 0.81	 0.77	 59.10	 9.00	         	  0
n4258	184.7290	+47.31690	   8052	 20.760	 0.90	22.05	 0.53	 2.71	 0.81	178.00	 9.00	rej      	  1
n4258	184.7280	+47.31330	   6616	 16.990	 0.93	23.16	 0.49	 3.34	 1.17	239.00	 9.00	         	  1
n4258	184.7190	+47.31890	  40434	 16.430	 1.22	22.66	 0.48	 1.17	 0.82	 85.40	 8.98	         	  1
n4258	184.7160	+47.31090	  38988	 17.530	 0.85	23.34	 0.67	 3.80	 1.00	270.00	 8.96	         	  1
n4258	184.7280	+47.31730	 158057	 16.680	 1.22	23.95	 0.62	 1.11	 0.98	 80.00	 8.99	rej      	  0
n4258	184.7280	+47.32230	  19414	 16.380	 0.90	23.27	 0.44	 2.88	 0.68	145.00	 8.98	         	  2
n4258	184.7140	+47.31340	  49332	 16.000	 0.71	23.33	 0.49	 2.24	 0.80	104.00	 8.96	         	  2
n4258	184.7280	+47.31610	  11066	 15.910	 1.21	23.70	 0.55	 6.82	 1.15	113.00	 9.00	         	  4
n4258	184.7110	+47.31490	  60978	 15.210	 1.17	24.55	 0.67	 1.67	 0.80	146.00	 8.95	rej      	  1
n4258	184.7230	+47.31920	  29222	 14.580	 0.96	22.86	 0.60	 7.09	 0.75	320.00	 8.98	         	  0
n4258	184.7270	+47.31760	  16299	 12.280	 1.28	24.49	 0.72	 3.35	 1.30	183.00	 8.99	rej      	  7
n4258	184.7120	+47.30970	  51416	 11.090	 0.77	23.45	 0.56	 2.45	 1.07	122.00	 8.94	         	  2
n4258	184.7110	+47.31180	  57246	 10.900	 0.89	23.47	 0.45	 0.13	 1.09	 80.50	 8.94	         	  2
n4258	184.7280	+47.32280	  20566	 10.360	 1.04	22.52	 0.56	 0.88	 1.10	  9.65	 8.98	rej      	  0
n4258	184.7250	+47.32060	  25811	 10.300	 0.89	23.62	 0.61	 2.54	 1.25	167.00	 8.98	         	  2
n4258	184.7260	+47.32180	  25760	  9.979	 0.92	24.38	 0.54	 1.95	 1.46	122.00	 8.98	         	  3
n4258	184.7090	+47.31420	  64217	 10.060	 0.99	23.40	 0.51	 3.27	 0.95	120.00	 8.94	         	  0
n4258	184.7030	+47.32620	  89807	 98.420	 1.26	21.11	 0.11	 0.20	 0.03	114.00	 8.93	rej      	  0
n4258	184.7050	+47.32090	  80885	 65.230	 1.13	20.75	 0.15	 5.40	 0.04	251.00	 8.93	rej      	  1
n4258	184.7370	+47.33540	  10849	 51.510	 1.34	21.63	 0.29	 0.28	 0.20	 98.10	 8.92	         	  0
n4258	184.7190	+47.34890	  77289	 46.390	 1.53	21.69	 0.18	 0.63	 0.11	 14.70	 8.90	         	  0
n4258	184.7390	+47.33400	   1625	 45.430	 1.03	21.19	 0.29	 0.49	 0.16	 95.50	 8.92	         	  1
n4258	184.7430	+47.34240	   2686	 44.050	 1.06	21.78	 0.31	 0.22	 0.10	 85.20	 8.88	         	  2
n4258	184.7060	+47.32090	  77610	 42.820	 1.00	21.58	 0.23	 0.22	 0.16	211.00	 8.94	         	  2
n4258	184.7310	+47.33830	  32759	 42.310	 0.94	21.78	 0.23	 0.68	 0.31	188.00	 8.92	         	  2
n4258	184.7390	+47.33240	    475	 41.880	 0.97	21.80	 0.34	 0.87	 0.17	 75.10	 8.93	         	  1
n4258	184.7130	+47.32260	  62769	 33.020	 0.77	21.80	 0.25	 0.67	 0.18	192.00	 8.96	         	  2
n4258	184.7080	+47.34560	  97135	 31.780	 1.20	22.85	 0.28	 1.22	 0.10	 27.50	 8.92	         	  2
n4258	184.7090	+47.35120	  99756	 29.050	 1.04	22.82	 0.27	 0.64	 0.21	147.00	 8.90	         	  4
n4258	184.6960	+47.33310	 106960	 28.260	 0.97	22.81	 0.27	 0.72	 0.13	 27.60	 8.92	         	  2
n4258	184.7030	+47.31950	  83857	 28.130	 0.76	21.51	 0.30	 1.48	 0.19	141.00	 8.93	rej      	  4
n4258	184.7240	+47.32620	  37683	 26.180	 1.41	22.82	 0.31	 0.56	 0.48	119.00	 8.97	         	  1
n4258	184.7010	+47.33800	 103070	 24.860	 1.12	22.91	 0.45	 4.15	 0.21	 53.70	 8.92	         	  2
n4258	184.7330	+47.34250	  33002	 22.480	 0.75	23.72	 0.56	 4.53	 0.44	182.00	 8.90	rej      	  0
n4258	184.6980	+47.33340	 104131	 22.890	 0.87	22.34	 0.25	 2.90	 0.20	 41.50	 8.92	         	  3
n4258	184.6990	+47.33690	 105183	 23.000	 1.11	22.50	 0.26	 0.81	 0.22	 36.20	 8.92	         	  3
n4258	184.7340	+47.33900	  24365	 22.380	 0.92	22.83	 0.59	 3.91	 0.52	165.00	 8.91	         	  2
n4258	184.7120	+47.35150	  95003	 20.570	 1.20	23.15	 0.29	 4.42	 0.36	 74.80	 8.90	         	  3
n4258	184.7030	+47.33140	  93585	 18.190	 0.97	22.98	 0.41	 1.94	 0.42	 14.20	 8.93	         	  3
n4258	184.7060	+47.34570	  99411	 17.020	 0.98	24.05	 0.50	 2.02	 0.35	  9.51	 8.92	rej      	  2
n4258	184.7090	+47.32420	  75254	 16.520	 0.98	22.85	 0.39	 2.94	 0.38	 15.60	 8.95	         	  4
n4258	184.7100	+47.34750	  94632	 16.030	 1.14	22.22	 0.44	 0.89	 0.39	141.00	 8.91	rej      	  2
n4258	184.7270	+47.34520	  54398	 15.730	 1.06	22.74	 0.53	 0.50	 0.81	109.00	 8.91	         	  2
n4258	184.6910	+47.34610	 122858	 14.280	 0.78	23.08	 0.33	 1.10	 0.25	 40.10	 8.90	         	  1
n4258	184.7010	+47.35070	 111064	 14.590	 0.98	22.51	 0.33	 0.92	 0.35	 42.70	 8.90	rej      	  2
n4258	184.7360	+47.35750	  43585	 14.800	 0.94	23.36	 0.31	 0.60	 0.09	 72.10	 8.84	         	  1
n4258	184.7030	+47.32570	  90355	 14.500	 0.92	23.57	 0.49	 3.05	 0.24	 44.10	 8.93	         	  0
n4258	184.7100	+47.35380	  99783	 14.310	 0.80	23.19	 0.67	 1.77	 0.65	110.00	 8.89	         	  3
n4258	184.7250	+47.34470	  58469	 13.080	 1.03	24.42	 0.84	 2.55	 0.88	256.00	 8.91	rej      	  1
n4258	184.7140	+47.32210	  59576	 12.650	 1.10	23.91	 0.61	 3.81	 0.72	 55.40	 8.96	         	  2
n4258	184.7050	+47.32910	  89618	 12.470	 1.01	23.37	 0.38	 0.41	 0.55	 77.10	 8.94	         	  2
n4258	184.7090	+47.32440	  74725	 11.990	 0.80	23.19	 0.43	 5.67	 0.67	 71.20	 8.95	         	  4
n4258	184.6870	+47.34670	 126765	 11.640	 1.02	24.97	 0.56	 4.73	 0.28	 11.20	 8.89	rej      	  1
n4258	184.7080	+47.35000	 100093	 12.020	 0.72	22.65	 0.58	 6.25	 0.46	232.00	 8.91	rej      	  2
n4258	184.7380	+47.33650	   7952	 11.920	 0.90	23.46	 0.53	 3.27	 1.04	142.00	 8.91	         	  0
n4258	184.7010	+47.34930	 110213	 11.600	 1.19	23.15	 0.46	 0.47	 0.53	 98.10	 8.90	         	  3
n4258	184.7090	+47.33290	  84547	 11.300	 0.81	23.52	 0.36	 1.47	 0.79	 86.20	 8.94	         	  1
n4258	184.6980	+47.34220	 109630	 10.930	 0.82	23.91	 0.49	 1.97	 0.66	 83.90	 8.91	         	  1
n4258	184.7110	+47.34990	  95403	 11.580	 1.03	24.27	 0.62	 4.36	 0.61	 47.70	 8.91	         	  2
n4258	184.7030	+47.32790	  91129	 11.160	 1.00	23.50	 0.35	 0.41	 0.55	 25.80	 8.93	         	  2
n4258	184.7050	+47.33180	  91209	 10.800	 0.88	23.60	 0.48	 0.76	 0.67	  2.96	 8.94	         	  2
n4258	184.7090	+47.34230	  91907	 10.510	 1.20	22.71	 0.42	 0.55	 0.73	 46.00	 8.93	rej      	  0
n4258	184.7100	+47.34830	  94562	 10.200	 1.03	23.90	 0.41	 3.58	 0.91	 74.40	 8.91	         	  0
n4258	184.7060	+47.34140	  97498	  9.987	 0.98	24.22	 0.62	 3.80	 0.73	 64.60	 8.93	         	  0
n4258	184.7060	+47.34970	 104039	  9.770	 1.17	23.20	 0.56	 2.20	 0.63	 37.50	 8.91	         	  0
n4258	184.8580	+47.20180	  10401	  5.297	 0.75	24.97	 0.67	 2.73	 1.45	 18.70	 8.70	         	  1
n4258	184.8710	+47.20670	   5387	  6.487	 0.71	22.65	 0.56	 0.28	 1.15	245.00	 8.68	rej      	  1
n4258	184.8530	+47.18540	   9483	  6.803	 0.75	25.14	 0.72	 4.32	 1.10	 62.80	 8.69	rej      	  1
n4258	184.8500	+47.19250	  11990	  8.024	 0.65	23.83	 0.65	 5.28	 0.83	 87.00	 8.71	         	  2
n4258	184.8720	+47.18200	   2134	  8.137	 0.72	24.73	 0.60	 4.98	 1.25	 27.20	 8.66	         	  1
n4258	184.8520	+47.20560	  13262	  8.288	 0.92	24.61	 0.64	 2.60	 0.75	 95.30	 8.72	         	  1
n4258	184.8590	+47.20060	   9786	  8.920	 0.72	24.23	 0.59	 2.09	 0.87	 91.60	 8.70	         	  2
n4258	184.7030	+47.31610	  81614	 20.310	 1.01	21.94	 0.30	 0.18	 0.29	118.00	 8.92	rej      	  1
n4258	184.7050	+47.30860	  67208	 18.290	 1.09	22.49	 0.37	 1.34	 0.28	106.00	 8.92	         	  1
n4258	184.6900	+47.33260	 116159	 21.870	 0.89	22.79	 0.30	 1.40	 0.12	 42.40	 8.90	         	  2
n4258	184.6490	+47.31960	 143829	 18.280	 1.25	23.13	 0.13	 0.10	 0.03	 17.50	 8.73	         	  1
n4258	184.6870	+47.33470	 121078	 18.420	 0.97	22.94	 0.31	 0.69	 0.19	106.00	 8.89	         	  2
n4258	184.6680	+47.33600	 138294	 15.810	 0.93	22.95	 0.20	 0.18	 0.12	  5.28	 8.83	         	  2
n4258	184.6920	+47.32240	 106997	 15.290	 0.84	23.29	 0.39	 0.88	 0.25	 59.70	 8.89	         	  1
n4258	184.6530	+47.33020	 144134	 15.610	 0.89	23.34	 0.16	 0.05	 0.05	 43.40	 8.77	         	  1
n4258	184.6910	+47.32150	 107947	 14.670	 1.03	23.60	 0.30	 0.41	 0.32	  2.21	 8.89	         	  0
n4258	184.6890	+47.33550	 118961	 12.820	 1.26	22.30	 0.26	 0.31	 0.31	 34.20	 8.89	rej      	  1
n4258	184.6950	+47.31620	  95987	 11.260	 1.28	24.91	 0.73	 4.07	 0.34	 39.30	 8.89	rej      	  1
n4258	184.6550	+47.32230	 141685	 10.990	 0.83	23.72	 0.21	 2.46	 0.11	 12.70	 8.76	         	  0
n4258	184.6510	+47.33190	 145186	 10.690	 0.88	23.36	 0.23	 0.27	 0.10	  3.72	 8.77	         	  0
n4258	184.8270	+47.19220	  26262	  5.007	 0.77	23.86	 0.28	 3.54	 0.46	 88.00	 8.73	rej      	  1
n4258	184.8070	+47.18790	  40543	  5.372	 0.80	25.43	 0.73	 2.02	 0.39	 21.40	 8.72	rej      	  1
n4258	184.8120	+47.17250	  31191	  5.834	 0.70	22.71	 0.34	 0.10	 0.17	 73.30	 8.67	rej      	  1
n4258	184.8230	+47.19400	  29843	  5.864	 0.72	24.13	 0.40	 5.54	 0.48	 53.30	 8.73	         	  1
n4258	184.8370	+47.19500	  20639	  6.735	 1.03	24.57	 0.53	 0.69	 0.63	  1.61	 8.73	         	  1
n4258	184.8300	+47.19660	  25502	  7.538	 0.92	23.72	 0.54	 1.52	 0.45	 76.90	 8.73	         	  1
n4258	184.8330	+47.19730	  24134	  8.937	 0.87	24.87	 0.52	 2.54	 0.33	 19.70	 8.73	rej      	  1
n4258	184.8390	+47.17080	  12705	  9.942	 0.84	24.37	 0.59	 5.65	 0.38	 25.40	 8.67	         	  2
n4258	184.8360	+47.17430	  14709	 10.970	 0.84	22.58	 0.26	 0.44	 0.17	 44.10	 8.68	rej      	  2
n4258	184.8390	+47.19480	  19312	 13.550	 0.82	23.98	 0.47	 5.13	 0.20	 88.20	 8.72	         	  2
n4258	184.8350	+47.17380	  15276	 16.430	 0.87	22.34	 0.20	 3.56	 0.17	 61.60	 8.68	rej      	  2
n4258	184.6990	+47.35610	 118782	 25.560	 0.89	22.43	 0.22	 0.63	 0.17	 42.20	 8.89	         	  2
n4258	184.6980	+47.35930	 121312	 17.850	 1.02	24.78	 0.32	 0.47	 0.16	  3.48	 8.88	rej      	  1
n4258	184.6990	+47.35500	 117710	 14.300	 0.83	24.32	 0.49	 1.46	 0.30	 48.90	 8.89	rej      	  2
n4258	184.7140	+47.35680	  95711	 10.940	 1.12	23.80	 0.61	 1.20	 0.40	 33.50	 8.88	         	  1
n4258	184.8490	+47.21110	  17005	  5.739	 0.92	24.97	 0.57	 5.57	 0.94	 41.40	 8.73	         	  1
n4258	184.8420	+47.21900	  23710	  5.920	 0.77	25.75	 0.31	 2.81	 1.21	 33.10	 8.75	rej      	  1
n4258	184.8560	+47.21200	  12774	  6.189	 0.68	22.91	 0.51	 0.16	 0.79	 68.00	 8.71	rej      	  1
n4258	184.7280	+47.36340	 999999	 92.000	 1.00	20.50	 0.10	 0.38	 0.02	256.00	 8.84	rej      	  1
n4258	184.8110	+47.20350	  42010	  8.961	 0.95	24.41	 0.32	 1.28	 0.17	 20.00	 8.76	         	  1
n4258	184.7950	+47.20220	  28881	 86.150	 1.80	19.94	 0.10	 0.34	 0.00	 50.40	 8.75	rej      	  0
n4258	184.8000	+47.20730	  28076	 31.170	 1.06	22.51	 0.11	 0.31	 0.00	 27.30	 8.77	         	  1
n4258	184.8000	+47.20620	  27963	 21.260	 1.27	22.76	 0.15	 0.00	 0.06	 18.40	 8.77	         	  1
n4258	184.8000	+47.20730	 220887	 31.290	 1.26	22.52	 0.12	 0.31	 0.01	 27.30	 8.77	         	  1
n4258	184.8000	+47.20620	 220789	 21.290	 1.04	22.73	 0.14	 0.00	 0.03	 18.40	 8.77	         	  1
n4258	184.8420	+47.21070	  21853	  6.063	 0.96	25.86	 0.35	 2.93	 0.17	 15.70	 8.74	rej      	  1
n4258	184.8520	+47.21380	  15227	  7.140	 0.95	23.78	 0.32	 1.41	 0.13	 42.30	 8.72	         	  1
n4258	184.8400	+47.21340	  24025	  9.253	 0.84	22.82	 0.25	 1.03	 0.05	 15.90	 8.75	rej      	  1
n4258	184.8360	+47.22010	  28606	 53.880	 1.03	23.34	 0.10	 0.09	 0.01	  7.13	 8.76	rej      	  2
n4258	184.8360	+47.22010	  19756	 48.790	 1.22	21.85	 0.10	 0.00	 0.00	  9.52	 8.76	         	  2
n4258	184.8450	+47.21270	  16719	109.300	 1.25	21.02	 0.10	 0.00	 0.00	 51.80	 8.74	rej      	  0
n4258	184.8580	+47.22970	   8073	 32.290	 1.30	22.20	 0.10	 0.00	 0.00	  5.61	 8.71	         	  0
n4258	184.8570	+47.22980	 307758	 32.400	 1.02	22.20	 0.10	 0.00	 0.00	  5.61	 8.71	         	  1
n4258	184.6580	+47.34450	 144755	 12.050	 1.16	23.06	 0.20	 0.46	 0.13	 45.50	 8.81	         	  1
n4258	184.8270	+47.20180	  29163	  6.739	 0.80	24.48	 0.57	 2.86	 0.38	 42.10	 8.75	         	  1
n4258	184.8190	+47.19870	  34729	 14.920	 1.12	23.12	 0.50	 6.29	 0.00	108.00	 8.75	         	  2
n4258	184.6960	+47.31030	  89375	 12.380	 0.92	22.79	 0.45	 1.66	 0.42	 78.80	 8.89	         	  1
n4258	184.6970	+47.31080	 246695	 11.200	 0.91	22.97	 0.40	 1.17	 0.49	152.00	 8.89	         	  0
n4258	184.8330	+47.24910	 312665	 39.090	 0.80	23.10	 0.11	 0.47	 0.01	 15.10	 8.78	rej      	  1
